{
 "truePositives": 90,
 "trueNegatives": 630,
 "falsePositives": 12,
 "falseNegatives": 18,
 "accuracy": 0.96,
 "precision": 0.8823529411764706,
 "recall": 0.8333333333333334,
 "f1": 0.8571428571428571
}