{
 "truePositives": 18,
 "trueNegatives": 122,
 "falsePositives": 2,
 "falseNegatives": 8,
 "accuracy": 0.9333333333333333,
 "precision": 0.9,
 "recall": 0.6923076923076923,
 "f1": 0.7826086956521738
}