{
 "truePositives": 105,
 "trueNegatives": 569,
 "falsePositives": 73,
 "falseNegatives": 3,
 "accuracy": 0.8986666666666666,
 "precision": 0.5898876404494382,
 "recall": 0.9722222222222222,
 "f1": 0.7342657342657344
}