{
 "truePositives": 103,
 "trueNegatives": 568,
 "falsePositives": 74,
 "falseNegatives": 5,
 "accuracy": 0.8946666666666667,
 "precision": 0.5819209039548022,
 "recall": 0.9537037037037037,
 "f1": 0.7228070175438595
}