{
 "truePositives": 6,
 "trueNegatives": 124,
 "falsePositives": 0,
 "falseNegatives": 20,
 "accuracy": 0.8666666666666667,
 "precision": 1.0,
 "recall": 0.23076923076923078,
 "f1": 0.375
}