{
 "truePositives": 11,
 "trueNegatives": 122,
 "falsePositives": 2,
 "falseNegatives": 15,
 "accuracy": 0.8866666666666667,
 "precision": 0.8461538461538461,
 "recall": 0.4230769230769231,
 "f1": 0.5641025641025641
}