{
 "truePositives": 7,
 "trueNegatives": 124,
 "falsePositives": 0,
 "falseNegatives": 19,
 "accuracy": 0.8733333333333333,
 "precision": 1.0,
 "recall": 0.2692307692307692,
 "f1": 0.42424242424242425
}