{
 "truePositives": 23,
 "trueNegatives": 113,
 "falsePositives": 11,
 "falseNegatives": 3,
 "accuracy": 0.9066666666666666,
 "precision": 0.6764705882352942,
 "recall": 0.8846153846153846,
 "f1": 0.7666666666666666
}