{
 "truePositives": 104,
 "trueNegatives": 590,
 "falsePositives": 52,
 "falseNegatives": 4,
 "accuracy": 0.9253333333333333,
 "precision": 0.6666666666666666,
 "recall": 0.9629629629629629,
 "f1": 0.7878787878787878
}