{
 "truePositives": 81,
 "trueNegatives": 635,
 "falsePositives": 7,
 "falseNegatives": 27,
 "accuracy": 0.9546666666666667,
 "precision": 0.9204545454545454,
 "recall": 0.75,
 "f1": 0.826530612244898
}