{
 "truePositives": 107,
 "trueNegatives": 510,
 "falsePositives": 132,
 "falseNegatives": 1,
 "accuracy": 0.8226666666666667,
 "precision": 0.4476987447698745,
 "recall": 0.9907407407407407,
 "f1": 0.6167146974063401
}