{
 "truePositives": 103,
 "trueNegatives": 608,
 "falsePositives": 34,
 "falseNegatives": 5,
 "accuracy": 0.948,
 "precision": 0.7518248175182481,
 "recall": 0.9537037037037037,
 "f1": 0.8408163265306122
}