{
 "truePositives": 104,
 "trueNegatives": 572,
 "falsePositives": 70,
 "falseNegatives": 4,
 "accuracy": 0.9013333333333333,
 "precision": 0.5977011494252874,
 "recall": 0.9629629629629629,
 "f1": 0.7375886524822696
}