{
 "truePositives": 104,
 "trueNegatives": 576,
 "falsePositives": 66,
 "falseNegatives": 4,
 "accuracy": 0.9066666666666666,
 "precision": 0.611764705882353,
 "recall": 0.9629629629629629,
 "f1": 0.748201438848921
}