{
 "truePositives": 104,
 "trueNegatives": 604,
 "falsePositives": 38,
 "falseNegatives": 4,
 "accuracy": 0.944,
 "precision": 0.7323943661971831,
 "recall": 0.9629629629629629,
 "f1": 0.832
}