{
 "truePositives": 100,
 "trueNegatives": 622,
 "falsePositives": 20,
 "falseNegatives": 8,
 "accuracy": 0.9626666666666667,
 "precision": 0.8333333333333334,
 "recall": 0.9259259259259259,
 "f1": 0.8771929824561403
}