split on regex - no extra features

L
{
 "truePositives": 698,
 "trueNegatives": 4754,
 "falsePositives": 73,
 "falseNegatives": 49,
 "accuracy": 0.9781126659490491,
 "precision": 0.9053177691309987,
 "recall": 0.9344042838018741,
 "f1": 0.919631093544137
}

NL
{
 "truePositives": 711,
 "trueNegatives": 4725,
 "falsePositives": 102,
 "falseNegatives": 36,
 "accuracy": 0.9752421959095802,
 "precision": 0.8745387453874539,
 "recall": 0.9518072289156626,
 "f1": 0.9115384615384615
}
