{
 "truePositives": 102,
 "trueNegatives": 598,
 "falsePositives": 44,
 "falseNegatives": 6,
 "accuracy": 0.9333333333333333,
 "precision": 0.6986301369863014,
 "recall": 0.9444444444444444,
 "f1": 0.8031496062992127
}