{
 "truePositives": 101,
 "trueNegatives": 628,
 "falsePositives": 14,
 "falseNegatives": 7,
 "accuracy": 0.972,
 "precision": 0.8782608695652174,
 "recall": 0.9351851851851852,
 "f1": 0.905829596412556
}