{
 "truePositives": 99,
 "trueNegatives": 622,
 "falsePositives": 20,
 "falseNegatives": 9,
 "accuracy": 0.9613333333333334,
 "precision": 0.8319327731092437,
 "recall": 0.9166666666666666,
 "f1": 0.8722466960352422
}