{
 "truePositives": 99,
 "trueNegatives": 634,
 "falsePositives": 8,
 "falseNegatives": 9,
 "accuracy": 0.9773333333333334,
 "precision": 0.9252336448598131,
 "recall": 0.9166666666666666,
 "f1": 0.9209302325581395
}