{
 "truePositives": 98,
 "trueNegatives": 627,
 "falsePositives": 15,
 "falseNegatives": 10,
 "accuracy": 0.9666666666666667,
 "precision": 0.8672566371681416,
 "recall": 0.9074074074074074,
 "f1": 0.8868778280542987
}