{
 "truePositives": 708,
 "trueNegatives": 4770,
 "falsePositives": 57,
 "falseNegatives": 39,
 "accuracy": 0.9827771797631862,
 "precision": 0.9254901960784314,
 "recall": 0.9477911646586346,
 "f1": 0.9365079365079365
}