{
 "truePositives": 688,
 "trueNegatives": 4790,
 "falsePositives": 37,
 "falseNegatives": 59,
 "accuracy": 0.9827771797631862,
 "precision": 0.9489655172413793,
 "recall": 0.9210174029451138,
 "f1": 0.9347826086956522
}