{
 "truePositives": 104,
 "trueNegatives": 586,
 "falsePositives": 56,
 "falseNegatives": 4,
 "accuracy": 0.92,
 "precision": 0.65,
 "recall": 0.9629629629629629,
 "f1": 0.7761194029850746
}