{
 "truePositives": 97,
 "trueNegatives": 623,
 "falsePositives": 19,
 "falseNegatives": 11,
 "accuracy": 0.96,
 "precision": 0.8362068965517241,
 "recall": 0.8981481481481481,
 "f1": 0.8660714285714286
}