{
 "truePositives": 106,
 "trueNegatives": 519,
 "falsePositives": 123,
 "falseNegatives": 2,
 "accuracy": 0.8333333333333334,
 "precision": 0.462882096069869,
 "recall": 0.9814814814814815,
 "f1": 0.629080118694362
}